14
7
7
12
15
11
14
11
12
9
11
12
12
10
8
13
10
10
9
9
4
6
10
12
14
9
5
9
16
8
7
8
7
17
9
10
11
18
14
12
11
6
7
11
10
11
10
13
6
15
3
12
8
14
15
6
11
10
12
10
5
10
2
6
9
10
9
6
15
14
13
8
9
9
10
11
9
15
11
6
13
7
14
10
10
11
15
9
11
14
7
17
5
10
15
10
14
7
11
10
14
10
10
8
17
12
11
8
14
9
8
10
8
11
12
10
3
11
13
17
11
11
10
16
9
12
10
12
12
10
11
6
14
14
19
8
6
11
7
13
12
6
13
6
12
8
15
6
17
11
9
8
13
15
13
9
15
7
15
10
10
6
9
11
12
10
7
8
12
5
7
8
7
4
8
9
12
5
16
11
15
12
14
4
9
12
9
11
10
12
9
7
15
12
11
8
10
11
9
4
7
14
11
12
9
6
8
5
12
13
8
10
13
15
9
7
16
9
4
8
13
11
11
11
9
8
7
7
16
10
10
11
10
12
13
11
10
12
11
14
8
8
12
14
12
10
12
10
9
13
12
12
11
15
14
7
8
5
10
15
5
10
16
16
12
9
11
14
10
12
12
13
10
12
8
14
8
9
11
13
11
10
8
8
10
16
9
10
7
5
10
11
9
7
7
9
12
9
14
8
14
5
7
4
11
8
10
9
11
10
14
8
9
19
9
18
11
10
14
10
8
8
9
11
13
12
10
7
11
14
12
15
12
11
15
9
10
13
8
7
11
10
14
5
8
10
7
5
13
8
8
9
8
15
12
11
10
19
12
9
5
8
13
7
14
12
12
7
9
8
8
18
14
12
13
10
10
11
7
11
7
14
13
7
15
6
14
10
10
7
12
12
10
10
9
6
8
11
9
12
7
12
4
11
12
11
6
13
7
5
8
5
15
8
11
8
11
5
6
9
7
14
13
14
5
11
10
7
11
9
14
10
5
12
12
15
14
16
11
11
12
13
13
9
11
9
10
13
10
7
7
16
10
4
10
8
11
10
11
8
15
10
14
12
12
17
10
6
7
17
13
12
12
11
9
1
13
13
15
17
4
7
9
14
16
6
9
14
7
15
11
9
10
8
9
12
10
10
9
6
7
10
13
12
11
2
8
20
11
10
9
8
6
11
12
11
14
4
9
11
11
12
7
7
9
11
16
10
10
10
15
12
6
9
7
12
15
7
15
5
12
9
8
5
1
10
13
13
11
14
13
11
3
11
10
15
10
13
11
8
17
8
8
10
16
12
12
8
10
12
14
10
6
14
14
7
10
9
9
8
10
8
13
13
13
17
13
12
7
8
10
11
14
6
8
10
7
11
11
10
11
14
8
15
14
15
10
13
9
11
6
7
11
9
10
8
8
12
3
11
9
9
13
5
12
9
14
6
6
12
4
11
7
7
9
7
13
13
10
11
7
9
14
3
10
4
4
11
11
15
7
9
13
18
8
9
13
11
11
10
8
14
9
12
13
12
13
13
4
9
10
9
5
5
8
7
9
8
8
12
13
15
9
8
11
7
7
7
8
9
9
9
14
7
11
10
13
6
11
9
6
8
7
10
10
12
8
14
8
16
8
9
9
11
11
3
9
9
14
11
9
11
15
9
8
12
7
12
13
6
11
14
15
1
12
12
14
8
11
14
8
11
6
11
5
9
9
12
12
14
12
10
8
15
14
6
11
7
7
7
10
9
9
12
10
11
6
6
8
10
7
9
7
10
16
13
14
4
17
13
10
11
12
12
8
8
11
13
9
9
10
15
7
12
9
11
11
8
15
8
15
11
9
7
14
9
9
14
10
10
12
19
8
14
10
11
13
15
12
13
7
13
7
12
7
10
16
12
9
8
10
6
7
6
10
11
13
11
14
11
14
6
10
7
9
16
15
7
6
6
5
11
15
8
12
13
9
3
8
12
9
13
15
5
6
2
8
4
11
13
10
8
6
8
12
14
7
11
17
10
9
8
11
11
6
11
11
9
8
13
14
6
9
12
14
6
5
10
11
7
15
6
9
11
13
8
17
13
4
12
16
9
12
6
8
6
9
12
8
8
12
8
11
13
10
5
14
8
12
6
12
12
9
12
13
6
12
8
7
9
13
5
11
12
6
5
10
13
12
10
15
8
9
11
11
10
8
12
15
13
8
4
13
12
17
6
8
11
13
12
12
8
15
8
9
10
11
10
8
10
7
13
8
17
15
11
14
5
9
13
12
6
11
5
16
9
10
9
14
10
